5655
9841
9843
9847
9851
9855
9864
9869
9880
9889
9963
9976
9977
9992
10025
10042
10096
10100
10173
10185
10347
11059
11064
11068
11074
11085
11088
11089
11093
11096
11101
11106
11107
11108
11111
11116
11128
11144
11161
11164
11165
11190
11191
11192
11194
11201
11207
11214
11217
11231
11239
11259
11262
11267
11283
11288
11319
11360
11405
11416
11417
11437
11483
11486
11580
11587
30951
30965
30972
30984
31026
31159
31205
34949
34951
34957
34958
34968
34974
34986
34996
35002
35007
35011
35012
35026
35042
35045
35051
35054
35069
35085
35109
35144
35168
35218
35273
35274
