795
829
1183
1251
1265
1269
1292
1294
1311
1315
1330
1347
4461
4468
4469
4473
4474
4477
4498
4501
4503
4508
4509
4518
4575
4581
4584
4585
4588
4591
4593
4617
4621
4628
4640
4648
4653
4654
4665
4669
4681
4700
4704
4707
4715
4716
4732
4733
4743
4754
4778
4789
4817
4822
4833
4835
4848
4851
4858
4892
4901
4911
4927
4946
4982
5312
7483
7487
7505
7533
7725
7726
7787
7818
7856
7902
8056
9126
9140
9160
9242
9290
9311
9313
9326
13748
13749
13754
13757
13805
13807
13811
14905
14906
14907
14908
14909
14910
14911
14915
14916
14918
14919
14922
14923
14924
14927
14928
14929
14931
14932
14933
14934
14935
14938
14939
14940
14941
14942
14943
14944
14946
14949
14950
14952
14957
14958
14959
14960
14961
14965
14966
14967
14968
14969
14970
14971
14973
14974
14977
14979
14980
14981
14984
14985
14986
14991
14993
14995
14996
14997
15000
15001
15003
15009
15011
15012
15016
15017
15030
15033
15036
15039
15045
15048
15049
15053
15055
15057
15058
15060
15063
15065
15069
15072
15080
15081
15082
15083
15088
15091
15092
15100
15103
15105
15110
15118
15119
15120
15124
15126
15127
15132
15133
15138
15142
15146
15149
15154
15156
15161
15173
15174
15178
15180
15181
15185
15188
15191
15199
15200
15204
15208
15210
15211
15213
15215
15220
15222
15223
15226
15233
15239
15241
15246
17182
17183
17185
17194
17202
17206
17211
17212
17221
17223
17229
17232
17235
17243
17250
17252
17254
17267
17279
17283
17285
17286
17296
17303
17319
17330
17336
17339
17340
17359
17361
17364
17407
17408
17417
17419
17420
17421
17435
17443
17447
17461
17471
17487
17489
17494
17495
17496
17497
17504
17509
17513
17515
17516
17522
17549
17552
17568
17571
20335
21175
21190
21191
21244
21286
21359
21361
21367
21385
21396
21420
21442
25972
26321
26405
28414
29170
29179
29218
31374
31377
31378
31382
31385
31386
31387
31390
31391
31397
31402
31411
31412
31414
31424
31426
31427
31428
31438
31479
31498
31512
31525
31526
31583
31596
31659
31714
31733
31734
31753
31776
32129
32130
32131
32134
32182
32188
32206
32207
32218
32227
32230
32234
32247
32270
32273
32299
32327
32340
32367
32370
32386
32388
32416
32421
36958
36959
36960
36961
36963
36966
36970
36976
36977
36978
36979
36982
36983
36986
36987
36988
36989
36992
36993
36994
36995
37001
37002
37005
37006
37009
37010
37011
37012
37016
37020
37023
37027
37029
37031
37033
37036
37037
37038
37039
37041
37043
37044
37045
37046
37051
37052
37053
37054
37055
37057
37058
37062
37064
37067
37068
37071
37072
37073
37075
37077
37078
37080
37085
37086
37087
37089
37091
37093
37094
37096
37099
37104
37107
37115
37118
37121
37122
37123
37125
37129
37132
37141
37142
37144
37145
37147
37155
37156
37157
37158
37159
37161
37163
37172
37175
37177
37179
37181
37183
37185
37186
37189
37194
37195
37196
37197
37201
37202
37203
37206
37207
37213
37215
37219
37223
37226
37229
37233
37237
37240
37243
37246
37249
37251
37258
37260
37265
37268
37271
37274
37276
37278
37284
37292
37295
37305
37308
37311
37314
37318
37320
37324
37329
37332
37337
37345
37349
37350
37352
37354
37360
37364
37375
37379
37384
37389
37393
37399
37401
37402
37405
37407
37408
37415
37416
37418
37420
37423
37424
37426
37431
37432
37434
37436
37450
37451
37455
37460
37463
37467
37471
37474
37476
37479
37481
37483
37484
37485
37488
37494
37496
37498
37499
37503
37505
37508
37511
37512
37515
37516
37517
37518
37521
37523
37526
37529
42410
42411
42412
42413
42416
42417
42418
42419
42420
42421
42422
42423
42424
42427
42428
42429
42430
42431
42432
42433
42434
42435
42436
42437
42438
42439
42440
42441
42442
42443
42445
42446
42447
42448
42449
42450
42451
42454
42455
42456
42457
42458
42459
42460
42463
42464
42465
42468
42469
42472
42473
42474
42475
42476
42477
42479
42480
42481
42484
42486
42487
42488
42489
42490
42491
42492
42493
42496
42498
42500
42501
42502
42505
42506
42507
42508
42509
42510
42513
42516
42517
42519
42521
42524
42526
42530
42532
42534
42535
42539
42542
42543
42547
42549
42551
42552
42554
42557
42560
42569
42572
42574
42578
42581
42582
42584
42586
42588
42590
42595
42596
42604
42605
42606
42607
42609
42610
42611
42612
42616
42618
42620
42621
42622
42632
42635
42639
42640
42642
42643
42644
42646
42647
42650
42653
42656
42658
42661
42665
42666
42669
42674
42675
42681
42685
42691
42694
42696
42699
42700
42701
42710
42711
42712
42721
42725
42726
42730
42734
42737
42742
42745
42747
42749
42750
42756
42759
42760
42761
42765
42769
42771
42778
42780
42786
42798
42800
42803
42807
42808
42809
42810
42812
42813
42817
42821
42822
42823
42824
42826
42830
42831
42848
42853
46230
46232
46266
46282
46285
46310
46344
46366
46373
46414
46432
46435
46469
46539
46540
46567
46573
46590
46636
48103
48106
48127
48139
48145
48148
48150
48153
48154
48167
48181
48185
48196
48198
48202
48208
48221
48222
48242
48243
48247
48252
48270
48274
48303
48333
48350
48355
48362
48367
48377
48387
48389
48398
48421
48426
48466
48473
48479
48483
48486
48492
48503
48527
48528
48545
48548
48551
48561
48562
48566
48569
48603
48610
48629
48630
48652
49855
49856
49857
49858
49859
49860
49861
49862
49863
49864
49865
49866
49867
49868
49869
49870
49871
49872
49873
49875
49876
49877
49878
49879
49880
49881
49882
49884
49885
49886
49887
49889
49890
49891
49893
49894
49895
49896
49899
49902
49905
49908
49912
49913
49914
49918
49919
49922
49926
49928
49931
49934
49937
49939
49942
49943
49947
49948
49952
49954
49957
49962
49963
49964
49971
49972
49973
49975
49976
49977
49978
49979
49980
49981
49982
49984
49987
49988
49991
49992
49994
49997
50000
50002
50003
50006
50007
50011
50013
50014
50015
50016
50021
50022
50023
50028
50033
50038
50041
50043
50046
50047
50048
50050
50052
50054
50060
50062
50065
50066
50069
50071
50072
50074
50080
50083
50089
50092
50098
50101
50109
50110
50118
50124
50129
50130
50132
50133
50134
50139
50140
50143
50144
50146
50149
50159
50160
50162
50166
50172
50180
50182
50187
50190
50192
50193
50194
50197
50201
50207
50210
50213
50220
50223
50225
50238
50241
50242
50243
50245
50247
50249
50254
50256
50257
50258
50259
50261
50263
50266
50274
50285
50287
50294
50295
50297
50298
50300
50302
50303
50305
50306
50307
50311
50315
50319
50335
50338
50343
51829
51830
51999
52027
53077
53078
53079
53080
53081
53083
53084
53085
53086
53089
53096
53101
53102
53103
53108
53123
53125
53128
53132
53140
53146
53147
53148
53159
53175
53185
53186
53189
53190
53200
53205
53211
53212
53213
53220
53225
53226
53227
53228
53234
53236
53243
53244
53248
53249
53252
53261
53269
53281
53282
53286
53288
53296
53309
53310
53315
53319
53327
53328
53332
53352
53358
53371
53388
53392
53404
53407
53430
53455
53459
53466
53472
53488
53491
53494
53495
53496
53504
53509
53512
53530
53534
53535
53536
53541
55387
55585
55993
56282
57963
57964
57965
57966
57967
57968
57969
57970
57971
57972
57973
57974
57975
57976
57977
57978
57979
57980
57981
57982
57983
57984
57985
57986
57987
57988
57989
57990
57992
57993
57994
57995
57996
57997
57998
57999
58000
58002
58003
58004
58005
58006
58007
58008
58009
58010
58012
58014
58015
58016
58017
58018
58019
58020
58022
58025
58026
58028
58029
58030
58031
58032
58033
58037
58043
58045
58050
58051
58052
58053
58054
58055
58056
58057
58059
58061
58062
58063
58067
58068
58071
58072
58075
58077
58080
58081
58082
58083
58084
58085
58086
58087
58088
58094
58095
58102
58103
58104
58107
58108
58109
58110
58111
58113
58114
58117
58118
58119
58120
58122
58127
58128
58129
58131
58134
58135
58136
58137
58140
58146
58147
58149
58162
58163
58166
58167
58169
58175
58181
58186
58188
58192
58200
58210
58211
58222
58228
58229
58230
58233
58234
58235
58237
58240
58241
58242
58243
58245
58248
58256
58257
58260
58265
58276
58279
58281
58287
58297
58302
58303
58306
58314
58315
58318
58320
58321
58324
58326
58336
58339
58342
58348
58352
58361
58365
58367
58369
58383
58384
58387
58388
58390
58391
58395
58398
58401
58409
58410
58421
58426
58428
58429
58431
58432
58434
58435
58438
58439
58443
58449
58454
58459
58460
58461
58465
58466
58470
58472
58478
58480
58481
58485
58486
58496
58498
58499
58501
58506
58509
58510
58517
58519
58521
58522
58532
59972
60053
60537
60538
60539
60542
60550
60553
60554
60559
60561
60572
60589
60596
60599
60608
60632
60639
60642
60650
60656
60665
60668
60684
60696
60709
60731
60736
60747
60754
60789
60802
60805
60812
