6865
6908
7106
7107
7318
7338
7474
7475
7476
7478
7479
7480
7481
7482
7484
7489
7491
7492
7495
7499
7500
7501
7502
7503
7504
7507
7512
7515
7516
7519
7520
7521
7522
7524
7527
7529
7530
7531
7532
7535
7543
7546
7549
7551
7553
7554
7560
7562
7576
7578
7579
7580
7582
7584
7586
7587
7588
7589
7590
7593
7594
7597
7598
7602
7603
7605
7606
7613
7616
7629
7631
7643
7644
7646
7647
7648
7653
7656
7657
7659
7671
7672
7673
7676
7679
7683
7684
7686
7687
7690
7691
7695
7696
7697
7700
7701
7704
7707
7708
7710
7712
7727
7729
7730
7734
7741
7745
7749
7750
7758
7763
7765
7768
7770
7771
7773
7775
7781
7788
7789
7790
7791
7792
7793
7794
7799
7803
7806
7807
7810
7812
7813
7816
7819
7831
7833
7840
7842
7843
7846
7853
7854
7860
7861
7867
7870
7871
7872
7873
7875
7876
7877
7878
7879
7886
7888
7889
7894
7895
7896
7899
7900
7903
7905
7920
7921
7925
7928
7931
7932
7938
7943
7944
7948
7952
7959
7962
7964
7969
7970
7973
7977
7983
7984
7985
7988
7997
8000
8003
8011
8013
8017
8021
8022
8023
8025
8030
8031
8032
8042
8044
8048
8049
8053
8061
8065
8075
8077
8088
8098
8102
8107
8109
8112
8116
17184
17186
17198
17222
17237
17298
17300
17313
17321
17329
17370
17418
17450
17455
17458
17482
17492
17555
17562
17574
19565
19567
19570
19575
19576
19580
19581
19585
19586
19588
19589
19596
19598
19600
19608
19612
19613
19617
19618
19620
19625
19632
19633
19634
19635
19636
19640
19646
19648
19650
19654
19656
19660
19663
19665
19666
19670
19676
19677
19684
19689
19690
19695
19697
19705
19706
19714
19716
19718
19721
19723
19725
19728
19729
19730
19732
19734
19736
19739
19740
19741
19742
19747
19749
19758
19762
19765
19767
19770
19771
19777
19778
19782
19785
19790
19791
19794
19796
19799
19802
19805
19808
19811
19812
19813
19819
19820
19829
19835
19837
19840
19841
19842
19847
19850
19851
19852
19853
19855
19860
19861
19862
19865
19869
19871
19873
19874
19875
19888
19889
19920
19923
19926
19933
19936
19941
19949
19958
19964
19965
19974
19976
19980
19990
19991
19995
20004
20008
20010
20017
20022
20025
20027
20028
20029
20033
20034
20037
20041
20043
20044
29581
29593
29624
29658
29673
36964
36965
36969
36980
36981
37000
37007
37015
37017
37030
37047
37059
37065
37070
37074
37079
37092
37097
37100
37108
37111
37112
37119
37130
37139
37148
37151
37160
37164
37165
37166
37168
37178
37190
37199
37205
37209
37210
37211
37212
37214
37221
37228
37236
37238
37239
37244
37245
37248
37252
37261
37266
37267
37270
37280
37281
37287
37289
37299
37301
37304
37312
37315
37316
37321
37323
37333
37335
37336
37342
37357
37362
37363
37369
37371
37373
37378
37381
37390
37394
37398
37409
37411
37425
37435
37443
37449
37459
37461
37466
37468
37470
37489
37491
37493
37500
37501
37504
37507
37514
37528
38188
38189
38351
40104
40215
40244
48073
48074
48075
48076
48077
48082
48085
48087
48088
48089
48091
48092
48093
48095
48096
48098
48100
48101
48102
48104
48105
48109
48110
48111
48112
48115
48116
48117
48119
48120
48121
48122
48123
48124
48125
48126
48130
48131
48133
48134
48142
48143
48144
48146
48149
48152
48156
48158
48159
48161
48162
48166
48168
48169
48174
48177
48178
48180
48182
48184
48187
48188
48190
48191
48192
48193
48194
48195
48199
48200
48201
48205
48206
48207
48210
48213
48214
48216
48223
48224
48232
48233
48234
48235
48236
48240
48241
48245
48246
48248
48249
48251
48253
48254
48255
48257
48259
48261
48262
48263
48264
48266
48267
48271
48273
48277
48279
48283
48284
48286
48288
48289
48291
48296
48297
48298
48299
48300
48302
48304
48308
48309
48310
48311
48314
48317
48319
48323
48326
48329
48334
48336
48340
48344
48347
48349
48356
48357
48360
48364
48365
48366
48370
48372
48375
48380
48383
48386
48388
48390
48391
48392
48393
48397
48399
48400
48403
48406
48414
48423
48424
48425
48433
48434
48438
48439
48441
48444
48445
48446
48449
48450
48451
48453
48458
48459
48468
48470
48471
48472
48476
48477
48478
48480
48481
48484
48487
48488
48489
48490
48494
48499
48500
48506
48512
48518
53099
53113
53119
53334
53347
53528
57409
57414
59857
60005
60061
60068
60157
60158
60159
