1085
1090
1091
1092
1094
1097
1098
1099
1100
1101
1102
1103
1104
1105
1107
1108
1109
1110
1111
1115
1117
1119
1124
1126
1129
1130
1131
1139
1159
1160
1161
1163
1173
1178
1185
1187
1189
1194
1195
1199
1200
1212
1214
1221
1231
1241
1254
1257
1259
1260
1268
1270
1271
1287
1293
1302
1306
1309
1331
1338
1343
1346
5117
5183
5184
5185
5308
5351
5376
6872
6884
6914
6918
6919
6927
6968
6982
6984
7055
7126
7143
7157
7187
7227
7252
7267
7278
7281
7370
14073
14300
17239
17246
17278
17299
17301
17334
18854
21129
21138
21144
21145
21176
21181
21184
21205
21214
21224
21225
21227
21275
21388
21395
21435
26155
26427
26473
26527
26603
29831
29839
29863
29946
30090
31407
31431
31463
31517
31535
31541
31630
31653
31721
31755
32136
32137
32138
32141
32142
32153
32156
32158
32159
32161
32166
32168
32174
32186
32191
32192
32194
32198
32200
32203
32205
32209
32212
32217
32231
32232
32238
32252
32254
32264
32280
32283
32286
32290
32292
32308
32323
32328
32339
32343
32348
32353
32358
32361
32371
32402
32403
32407
40202
41608
41698
41712
48521
48523
48529
48530
48531
48532
48537
48547
48552
48553
48555
48559
48565
48570
48575
48578
48584
48592
48605
48607
48615
48619
48620
48623
48624
48625
48641
48648
48649
