17293
31420
31432
31433
31440
31450
31451
31458
31461
31468
31469
31473
31482
31490
31493
31504
31506
31508
31510
31511
31530
31536
31544
31554
31555
31563
31575
31604
31626
31631
31637
31651
31660
31664
31669
31683
31687
31688
31705
31720
31724
31731
31740
31743
31747
31779
31787
42466
42529
42537
42556
42602
42626
42655
42660
42716
42723
42744
42787
42805
42843
42845
49944
53092
53094
53151
53181
53191
53199
53208
53229
53262
53265
53292
53294
53297
53313
53340
53355
53364
53391
53403
53409
53411
53498
53533
