5433
5441
5461
5463
5464
5468
5471
5487
5489
5492
5494
5502
5504
5505
5506
5509
5511
5514
5522
5525
5529
5530
5539
5542
5549
5551
5554
5556
5558
5564
5573
5576
5579
5585
5587
5589
5590
5591
5595
5596
5603
5606
5614
5623
5624
5627
5630
5635
5640
5646
5656
5657
5659
5661
5663
5665
5670
5674
5677
5691
5694
5712
5716
5722
5727
5729
5731
5733
5737
5749
5756
5757
5776
5778
5787
5791
5794
5795
5797
5804
5808
5813
5820
5823
5824
5830
5842
5843
5849
5856
5859
5862
5870
5876
5880
5881
5882
5884
5885
5886
5894
5898
5901
5907
5908
5916
5919
5932
5940
5946
5953
5959
5962
5968
5971
5976
5979
5985
5991
5993
5995
5996
5998
6014
6016
6021
6029
6038
6042
6044
6047
6048
6052
6056
6059
6067
6072
6077
6094
6103
6112
8137
8138
8139
8140
8143
8168
8198
8199
8201
8220
8232
8236
8246
8251
8253
8254
8261
8265
8267
8269
8280
8282
8289
8291
8294
8306
8315
8319
8322
8331
8333
8336
8378
8383
8389
8390
8391
8396
8399
8401
8405
8411
8412
8416
12611
12612
12637
12641
12648
12654
12663
12666
12670
12690
12693
12699
12710
12712
12720
12727
12728
12729
12732
12734
12740
12759
12761
12774
12779
12784
12831
12853
12856
12869
12875
12884
12892
12893
12895
12928
12943
12962
12968
12977
12998
13003
13023
13031
13050
13058
13060
13064
13065
13067
13069
13086
13091
13102
13115
13121
13123
13141
13145
13172
13209
13221
13223
13229
22876
22877
22879
22880
22881
22882
22887
22888
22889
22890
22891
22892
22894
22895
22896
22897
22898
22899
22901
22902
22903
22904
22905
22906
22907
22908
22910
22911
22914
22915
22916
22918
22920
22921
22923
22924
22925
22927
22928
22929
22931
22932
22935
22936
22938
22946
22947
22948
22949
22950
22951
22952
22954
22957
22958
22960
22961
22963
22964
22966
22967
22969
22971
22973
22975
22979
22980
22981
22983
22985
22986
22993
22994
23003
23004
23005
23006
23008
23011
23015
23021
23024
23035
23037
23039
23044
23045
23049
23054
23058
23061
23062
23064
23067
23071
23072
23075
23076
23078
23082
23084
23087
23088
23090
23091
23096
23097
23099
23107
23108
23110
23121
23123
23126
23127
23130
23132
23133
23139
23142
23143
23145
23146
23148
23154
23155
23156
23160
23165
23166
23167
23173
23184
23189
23193
23197
23200
23207
23208
23215
23218
23223
23228
23233
23235
23239
23240
23244
23245
23252
23256
23258
23262
24105
41412
41413
41424
41429
41432
41435
41436
41455
41457
41467
41475
41515
41522
41531
41566
41569
41581
41585
41591
46719
46924
47079
47160
49652
49659
49702
49729
49794
49815
50348
50352
50355
50356
50357
50360
50361
50363
50364
50370
50371
50374
50378
50380
50387
50392
50393
50394
50397
50410
50418
50424
50429
50430
50431
50434
50435
50439
50441
50443
50444
50459
50466
50469
50490
50492
50500
50515
50516
50519
50527
50532
50534
50537
50539
50542
50544
50549
50550
50554
50555
50562
50567
50571
50572
50574
50575
50584
50588
50589
50593
50596
50600
50625
50626
50627
50628
50634
50638
50650
50652
50659
50660
50669
50677
50688
50690
50696
50699
50702
50703
50716
50717
50718
50721
50722
50723
50727
50733
50735
50738
50743
50747
50749
50752
50755
50756
50767
50788
50790
50795
50799
50801
50802
50804
50813
50814
50817
50819
