6
8
10
23
40
60
62
87
93
103
106
110
119
120
126
128
129
132
134
140
143
154
166
167
168
169
174
177
189
195
200
208
210
223
231
238
243
253
267
271
285
295
300
306
314
315
321
335
355
359
365
367
368
376
3738
3763
4270
4330
4335
4374
4382
4441
18994
18997
19019
19025
19084
19119
19120
19205
19262
25045
25046
25047
25048
25052
25053
25054
25055
25056
25057
25063
25065
25067
25069
25071
25072
25074
25075
25076
25090
25093
25094
25097
25100
25104
25106
25107
25111
25116
25118
25119
25120
25127
25128
25129
25131
25132
25134
25135
25137
25138
25139
25140
25141
25142
25145
25146
25147
25151
25153
25156
25157
25162
25163
25165
25173
25174
25176
25177
25178
25179
25184
25186
25188
25192
25193
25195
25199
25200
25201
25203
25206
25207
25208
25214
25215
25220
25222
25223
25225
25227
25229
25231
25235
25238
25240
25241
25247
25249
25252
25258
25259
25260
25262
25265
25266
25271
25279
25280
25281
25283
25290
25293
25296
25299
25300
25305
25314
25319
25324
25330
25332
25335
25343
25345
25347
25352
25354
25356
25357
25360
25367
25375
25376
25377
25378
25380
25383
25388
25389
25394
25395
25399
37535
37539
37540
37551
37562
37580
37586
37590
37592
37612
37613
37625
37634
37642
37654
37665
37666
37667
37671
37673
37674
37677
37681
37719
37722
37727
37729
37734
37739
37740
37745
37749
37751
37759
37766
37770
37775
37778
37782
37800
37802
37810
37815
37816
37817
37822
37827
37829
37845
37848
37855
37860
37863
37871
37874
37876
37880
37890
37912
37913
37914
37944
37945
37956
37957
37961
37966
37976
37984
37986
37989
37996
38006
38013
38018
38023
38025
38054
38069
38079
38084
38100
38102
38112
38119
38121
38122
47547
47548
47549
47550
47553
47554
47555
47573
47576
47579
47580
47581
47586
47589
47591
47605
47607
47609
47610
47611
47613
47618
47620
47623
47649
47655
47656
47665
47669
47682
47684
47685
47692
47696
47712
47723
47726
47733
47737
47745
47756
47757
47759
47767
47768
47771
47772
47777
47791
47792
47795
47800
47803
47804
47808
47818
47830
47831
47835
47836
47845
47848
47850
47853
47858
47866
47873
47883
47905
47910
47935
47936
47940
47945
47946
47947
47955
47964
47966
47968
47969
47971
47982
47984
47987
47996
48004
48008
48017
48018
48020
48034
48039
48043
48047
48050
48058
48064
48068
54364
54692
54747
54889
56691
56725
56771
56789
56803
56810
56822
56830
56836
56839
56860
