3434
3441
3448
3454
3457
3458
3463
3469
3480
3482
3487
3508
3516
3530
3533
3535
3536
3546
3570
3571
3580
3582
3596
3639
3643
3644
3649
3660
3690
3691
3693
3701
3726
3729
3785
3811
3827
3881
3925
3926
3927
3943
3946
3947
3953
3995
4008
4023
7437
7454
7456
7460
9504
9571
9647
9689
9692
9709
9723
9725
9747
9748
9751
9764
9803
9824
12335
20364
20391
20453
20485
20580
20656
27766
27802
27834
27882
27892
27896
28060
28071
28125
28181
28200
28211
28251
28311
36776
36777
36780
36785
36788
36791
36794
36795
36798
36799
36804
36806
36812
36815
36821
36822
36835
36837
36841
36843
36845
36849
36863
36868
36869
36881
36883
36885
36890
36894
36901
36905
36912
36930
36934
36942
36949
36957
37532
37537
37544
37554
37556
37557
37561
37575
37576
37579
37595
37617
37636
37652
37700
37708
37710
37765
37796
37804
37809
37823
37826
37833
37835
37873
37882
37908
37934
37947
37992
38008
38021
38053
38081
38104
38115
38117
39742
39762
39773
39809
39840
39841
39860
39866
39911
39915
39932
39972
40275
40284
40309
40321
40326
40343
40358
40386
40402
40421
40434
40449
40469
40475
40503
40507
40543
52040
52041
52049
52050
52051
52052
52053
52054
52057
52059
52065
52067
52076
52082
52087
52097
52098
52120
52125
52128
52146
52147
52168
52172
52175
52192
52202
52203
52214
52232
52235
52240
52241
52246
52260
52271
52283
52288
52296
52305
52309
52346
52351
52382
52390
52410
52413
52416
52422
52459
52495
52514
52520
52532
54267
54268
54269
54271
54273
54282
54283
54286
54288
54289
54290
54294
54298
54300
54303
54307
54310
54312
54315
54317
54322
54329
54334
54335
54336
54337
54338
54342
54344
54345
54347
54348
54354
54356
54358
54360
54361
54363
54366
54367
54369
54370
54372
54375
54381
54385
54394
54398
54407
54410
54413
54414
54415
54416
54423
54426
54427
54436
54437
54443
54444
54445
54447
54448
54450
54458
54462
54463
54464
54466
54469
54470
54471
54472
54473
54475
54476
54477
54480
54481
54485
54487
54488
54491
54497
54498
54500
54501
54504
54505
54508
54510
54512
54514
54517
54526
54527
54530
54531
54533
54534
54537
54544
54545
54548
54549
54557
54558
54563
54566
54567
54571
54573
54574
54575
54578
54580
54595
54597
54598
54599
54601
54606
54614
54618
54622
54623
54625
54626
54633
54634
54636
54638
54644
54647
54650
54654
54656
54658
54662
54665
54668
54669
54670
54671
54673
54681
54684
54689
54690
54691
54693
54694
54705
54709
54710
54714
54715
54717
54740
54743
54750
54754
54756
54758
54759
54760
54767
54774
54785
54788
54790
54799
54800
54805
54810
54813
54827
54828
54830
54839
54840
54845
54848
54851
54852
54855
54863
54864
54868
54870
54894
54902
54903
54909
54912
54917
54919
54949
54950
54955
54960
54962
54963
54964
54969
54977
54989
54990
55000
55006
55008
55017
55024
55031
55036
55044
55046
55047
55049
55052
