5422
5423
5425
5426
5428
5429
5430
5434
5435
5436
5440
5444
5445
5446
5447
5451
5453
5455
5459
5462
5467
5470
5472
5473
5476
5477
5479
5480
5484
5496
5497
5501
5523
5526
5534
5536
5537
5538
5543
5544
5545
5546
5550
5557
5569
5571
5572
5574
5581
5582
5583
5584
5593
5597
5598
5599
5600
5602
5604
5608
5609
5612
5613
5631
5654
5662
5667
5672
5680
5683
5688
5689
5690
5696
5701
5706
5713
5717
5718
5719
5720
5721
5723
5724
5728
5739
5740
5741
5744
5750
5751
5752
5755
5758
5763
5766
5770
5773
5774
5777
5779
5781
5782
5783
5798
5803
5814
5817
5828
5837
5839
5844
5855
5863
5868
5875
5893
5899
5904
5905
5922
5934
5936
5939
5945
5955
5958
5969
5982
5983
5986
5997
6002
6003
6025
6030
6045
6057
6063
6065
6066
6084
6085
6086
6090
6091
6092
6093
6095
6117
8147
10222
10432
11061
11070
11071
11073
11078
11091
11104
11109
11110
11117
11127
11131
11132
11139
11143
11151
11160
11168
11174
11177
11188
11198
11200
11208
11219
11221
11234
11236
11242
11243
11245
11251
11257
11261
11269
11276
11277
11287
11296
11299
11308
11335
11336
11344
11345
11348
11349
11350
11355
11356
11358
11362
11374
11378
11384
11386
11413
11421
11426
11429
11445
11448
11451
11452
11461
11472
11473
11478
11488
11518
11530
11533
11552
11553
11560
11565
11571
11572
11575
11593
11598
11605
11606
11607
11636
11669
11686
11689
11692
11715
11724
11726
11749
22998
23031
23216
27663
30961
30974
30975
30977
30983
31029
31032
31037
31066
31069
31075
31076
31118
31129
31140
31154
31160
31172
31179
31190
31195
31198
31207
31209
31252
31273
31280
31284
31288
31292
31312
31334
31354
31364
35189
41514
42402
46684
46742
46825
46829
46872
46897
46932
46957
46967
46968
47002
47035
47040
47042
47085
47119
47128
47151
47161
47170
