2269
2287
2291
2335
2343
2355
2359
2361
2374
2392
2399
2435
2508
8188
8191
8208
8210
8230
8242
8274
8277
8317
8356
8397
8404
11504
12697
12698
12705
12719
12931
12952
12973
13051
13157
22885
22912
22913
22999
23012
23025
23043
23116
23226
23237
23243
27378
27382
27395
27403
27405
27411
27416
27446
27457
27477
27489
27512
27522
27531
41407
41410
41411
41415
41417
41418
41419
41425
41426
41427
41438
41440
41448
41450
41452
41453
41454
41461
41463
41468
41470
41472
41474
41476
41478
41480
41481
41482
41483
41485
41486
41492
41495
41497
41498
41505
41506
41516
41519
41527
41535
41543
41545
41563
41565
41570
45071
45078
45918
49618
49619
49633
49634
49641
49653
49660
49717
50373
50385
50720
50820
