4998
6913
10612
10630
15993
16157
25412
25420
25429
25444
25446
25448
25449
25453
25454
25457
25460
25466
25472
25475
25478
25480
25481
25484
25494
25506
25517
25520
25522
25530
25535
25538
25539
25540
25551
25555
25556
25559
25574
25588
25589
25613
25628
25634
25637
25649
25664
25844
25875
25891
25899
25996
26014
26025
26058
26075
26076
26097
26100
26102
26110
26176
26268
26310
26351
26353
33542
33633
38898
38899
38939
38956
38996
39013
39075
39094
39129
39131
39139
39188
39209
39232
43179
43182
43207
43241
43276
43307
43339
43357
43372
43374
43381
43390
43402
43442
43445
43448
43495
43540
43576
43580
57640
57726
59807
59808
59812
59817
59831
59832
59833
59835
59844
59850
59864
59872
59875
59880
59885
59890
59891
59895
59903
59905
59907
59908
59909
59913
59920
59921
59927
59928
59935
59936
59938
59942
59954
59963
59968
59977
59979
59998
60007
60012
60017
60038
60048
60064
60075
60090
60114
60130
60137
60153
60168
60182
60215
60246
60266
60268
60294
60297
