1084
1106
1116
1135
1149
1155
1158
1170
1191
1207
1209
1219
1220
1224
1238
1244
1253
1255
1256
1273
1286
1323
5037
5090
5126
5167
5233
5277
11977
11978
11979
11980
12078
12089
23556
23641
23656
23663
23674
23699
23701
23702
23731
23772
23775
23824
23880
23896
23909
29853
29917
29934
29959
29972
30024
30041
30047
30274
30288
30289
30296
30315
30322
30352
30356
30359
30381
30390
30458
30561
30592
30611
32143
32178
32261
32378
32385
32391
38951
38952
39026
39077
39255
39438
41607
41619
41621
41624
41625
41635
41654
41660
41670
41679
41684
41739
47358
47369
47377
47378
47379
47380
47385
47387
47388
47392
47393
47398
47399
47400
47404
47415
47422
47452
47497
47530
50844
50845
50942
50957
51057
56232
56362
