18110
18154
18245
19009
19034
19036
19042
19057
19058
19069
19071
19083
19087
19093
19122
19139
19141
19151
19155
19177
19185
19187
19203
19217
19218
19222
19226
19227
19235
19236
33846
33847
33861
33863
33869
33871
33873
33876
33883
33885
33886
33887
33889
33892
33893
33898
33899
33900
33904
33915
33917
33922
33925
33928
33932
33937
33945
33946
33949
33953
33954
33961
33966
33993
33995
34013
34015
34026
34033
34054
34060
34097
34099
56693
56698
56702
56711
56715
56718
56724
56728
56732
56736
56743
56750
56752
56756
56769
56781
56793
56814
56847
56852
