6138
6197
6204
6211
6236
6265
6275
6276
6280
6308
6318
6345
6365
6370
6386
6403
6441
6469
11961
11983
12025
12054
12115
12128
12179
12212
12225
12267
12294
20588
28906
28982
29011
29031
29032
29072
30257
30266
30268
30270
30273
30276
30277
30278
30284
30285
30295
30297
30298
30311
30314
30317
30324
30325
30326
30329
30330
30335
30337
30338
30339
30340
30341
30346
30348
30351
30355
30358
30365
30367
30368
30375
30383
30386
30395
30398
30401
30405
30407
30408
30410
30412
30413
30417
30422
30427
30444
30449
30459
30460
30462
30468
30469
30474
30485
30488
30497
30498
30507
30511
30525
30538
30558
30559
30569
30580
30591
30605
30612
30616
42869
42876
42883
42884
42893
42903
42913
42923
42926
42928
42931
42937
42938
42947
42951
42952
42956
42964
42967
42971
42974
42991
42997
43015
43017
43019
43020
43027
43035
43038
43059
43072
43080
43089
43090
43093
43094
43111
43125
43135
43139
43151
43159
43160
43167
47367
47371
47405
47406
47426
47437
47454
47477
47482
47485
47487
47507
47536
47545
50823
50827
50828
50836
50838
50853
50857
50865
50868
50869
50871
50872
50879
50880
50881
50888
50894
50897
50902
50905
50906
50907
50908
50911
50912
50914
50919
50920
50921
50931
50936
50958
50960
50967
50973
50977
50990
50993
50994
50995
50996
51001
51002
51004
51020
51023
51030
51055
51071
51073
51075
51083
51085
51095
51112
51120
51123
51127
51128
51132
51141
51153
51154
51167
51184
51186
51190
51199
51215
51218
51223
51231
51244
51250
51259
51277
51290
