633
637
642
654
675
685
689
695
711
717
722
724
752
764
773
806
851
2854
2878
2886
2887
2922
2924
2932
2950
2960
2963
2967
2986
2993
3007
3010
3013
3043
3046
3047
3056
3089
3092
3094
3096
3108
3117
3125
3134
3144
3146
3151
3156
3160
3172
3174
3184
9255
18284
18285
18323
18332
18335
18352
18375
18425
18448
18491
18496
18500
22578
22587
22612
22679
22687
22698
22850
30099
30103
30106
30108
30112
30114
30122
30128
30133
30134
30135
30136
30139
30143
30150
30153
30169
30172
30173
30177
30178
30179
30185
30190
30191
30205
35773
35774
35776
35778
35779
35781
35782
35783
35786
35787
35788
35789
35792
35793
35797
35799
35800
35805
35807
35811
35812
35813
35819
35820
35821
35825
35827
35828
35830
35838
35839
35840
35841
35842
35846
35848
35849
35857
35859
35860
35862
35866
35867
35869
35871
35873
35874
35876
35878
35879
35880
35881
35885
35886
35888
35890
35891
35892
35894
35895
35897
35898
35899
35902
35904
35906
35907
35908
35912
35913
35914
35918
35921
35922
35923
35924
35926
35930
35933
35935
35936
35939
35941
35942
35944
35950
35952
35954
35957
35958
35959
35960
35961
35964
35967
35972
35973
35977
35978
35980
35986
36002
36004
36005
36008
36015
36016
36017
36022
36023
36026
36027
36031
36032
36036
36041
36044
36052
36055
36057
36062
36064
36068
36070
36072
36073
36074
36077
36079
36082
36085
36086
36087
36088
36089
36090
36093
36095
36099
36100
36101
36104
36110
36112
36119
36123
36124
36128
36132
36137
36138
36141
36143
36149
36150
36151
36154
42169
42179
42184
42190
42192
42194
42210
42212
42218
42225
42244
42260
42263
42267
42281
43620
43659
43660
43678
43735
43758
43870
43887
43926
43955
43957
44026
44119
48892
48895
48896
48901
48902
48904
48916
48924
48932
48933
48948
48949
49014
49026
49050
49068
49094
49118
49196
49325
55556
55950
59081
59084
59085
59086
59092
59095
59097
59100
59103
59106
59107
59109
59110
59112
59114
59115
59116
59118
59120
59123
59125
59126
59127
59131
59138
59139
59141
59143
59146
59148
59152
59155
59158
59159
59167
59168
59178
59179
59182
59187
59188
59190
59191
59194
59195
59197
59198
59200
59211
59222
59224
59232
59233
59234
59235
59236
59238
59252
59254
59257
59262
59263
59272
59281
59285
59287
59297
59302
59306
59307
59311
59314
59318
59323
59335
59355
59356
59362
59363
59366
59367
59368
59370
59383
59388
59401
59408
59412
59441
59447
59450
59457
59466
59468
59479
59486
59487
59489
59495
59500
59522
59539
59542
59543
59559
59564
59580
59592
59596
59604
59614
59623
59632
59640
59641
59645
59651
59659
59660
59665
