6121
6122
6125
6130
6132
6136
6137
6140
6145
6149
6150
6151
6156
6162
6172
6173
6178
6180
6184
6187
6190
6192
6199
6202
6215
6221
6225
6234
6241
6247
6256
6263
6279
6282
6285
6286
6293
6294
6295
6296
6302
6304
6305
6311
6315
6316
6332
6335
6339
6342
6348
6354
6356
6357
6367
6368
6371
6382
6383
6395
6404
6407
6408
6409
6415
6430
6436
6439
6442
6445
6450
6461
6462
6475
6476
6478
6479
12037
12056
12131
12279
12292
12295
20288
20289
20313
20315
20317
20325
20373
20382
20383
20413
20433
20436
20481
20502
20503
20508
20565
20579
20585
20597
20608
20611
20612
20627
20645
20646
20676
20679
20682
27707
27730
27732
27733
27748
27749
27764
27765
27777
27794
27798
27822
27835
27851
27887
27888
27894
27903
27906
27918
27921
27932
27950
27952
27958
27970
27994
27996
28000
28008
28013
28021
28023
28034
28057
28066
28072
28073
28078
28084
28093
28101
28127
28132
28133
28138
28158
28174
28189
28252
28262
28269
28300
28303
28317
28347
28348
28355
30252
30259
30260
30261
30262
30264
30279
30280
30281
30282
30286
30290
30291
30293
30300
30301
30302
30305
30313
30319
30321
30331
30332
30333
30334
30336
30342
30343
30357
30370
30376
30377
30391
30392
30403
30426
30436
30447
30453
30456
30464
30466
30470
30478
30495
30499
30503
30515
30523
30527
30535
30539
30540
30545
30546
30556
30571
30575
30577
30581
30582
30583
30585
30590
30595
30599
30601
30604
30613
30614
40305
40362
40533
42859
42860
42864
42865
42866
42867
42868
42870
42872
42873
42874
42875
42877
42878
42879
42880
42881
42882
42886
42887
42888
42889
42891
42892
42894
42895
42898
42899
42900
42901
42902
42904
42909
42910
42915
42917
42918
42920
42922
42925
42936
42939
42942
42946
42953
42955
42960
42975
42977
42978
42981
42982
42988
42992
42993
42994
42996
43003
43004
43007
43008
43009
43014
43021
43026
43028
43031
43037
43041
43042
43049
43052
43053
43068
43076
43088
43095
43097
43110
43113
43119
43120
43128
43133
43140
43145
43150
43156
43163
43168
43170
50830
50831
50832
50843
50852
50858
50862
50863
50875
50876
50877
50895
50896
50901
50909
50910
50915
50917
50918
50934
50935
50946
50947
50949
50954
50961
50965
50968
50974
50978
50980
50982
50986
50989
51003
51008
51011
51016
51028
51035
51040
51047
51054
51062
51063
51066
51072
51074
51099
51105
51110
51114
51118
51138
51151
51160
51172
51192
51196
51203
51213
51214
51229
51242
51243
51247
51249
51251
51253
51262
51292
51294
52077
52100
52129
52132
52152
52205
52284
52286
52298
52323
52327
52342
52349
52386
52399
52406
52425
52433
52452
52475
52519
54293
54776
54804
54947
54995
56178
56183
56186
56220
56226
56272
56275
56280
56281
56341
56356
56369
56393
56409
