9603
9609
20303
20326
20430
20506
20586
20624
20647
40257
40260
40261
40262
40263
40271
40276
40277
40280
40281
40282
40290
40293
40294
40297
40303
40312
40313
40320
40324
40328
40329
40330
40333
40335
40339
40341
40344
40345
40346
40351
40364
40371
40379
40382
40383
40384
40385
40391
40392
40394
40415
40422
40427
40428
40436
40439
40447
40451
40464
40478
40498
40512
40531
52046
52063
52064
52074
52075
52081
52085
52086
52122
52134
52144
52145
52160
52165
52167
52187
52190
52194
52210
52211
52219
52230
52236
52245
52261
52268
52304
52306
52314
52333
52338
52350
52358
52467
52498
54401
54768
