635
646
666
667
690
715
734
744
768
770
775
824
836
848
3053
9917
9932
9958
10022
10048
10105
10236
10246
10256
10270
10303
10321
10496
11252
11404
18322
18412
18455
20707
20747
20903
20971
30222
30241
35052
35246
35777
35795
35803
35808
35818
35835
35850
35851
35855
35872
35875
35882
35909
35927
35934
36003
36040
36056
36061
36096
36118
36120
36129
36158
43780
43801
46769
46771
46835
46921
48864
48866
48872
48908
48911
48923
48926
48934
48938
48942
48953
48955
48984
49000
49033
49037
49044
49045
49046
49056
49058
49073
49086
49087
49126
49152
49172
49183
49213
49225
49238
49272
49365
49373
49383
49387
49429
55922
56105
59229
59240
59346
59403
59445
59462
59469
59490
59562
59570
59593
59609
59647
59650
59668
