500
502
7518
7620
7621
7625
7636
7874
8060
10535
10553
10571
10575
10583
10587
10593
10596
10598
10627
10632
10637
10653
10659
10681
19562
19563
19564
19566
19569
19571
19572
19574
19577
19578
19579
19582
19583
19584
19590
19591
19592
19593
19594
19595
19597
19599
19601
19602
19603
19604
19605
19606
19607
19610
19614
19615
19616
19619
19622
19626
19631
19638
19642
19644
19659
19661
19662
19664
19668
19671
19672
19673
19674
19675
19678
19680
19681
19682
19683
19687
19688
19691
19692
19694
19696
19700
19703
19704
19707
19709
19710
19711
19712
19713
19724
19727
19731
19735
19738
19743
19744
19754
19759
19760
19761
19763
19772
19774
19775
19776
19780
19783
19786
19787
19789
19792
19798
19807
19814
19818
19824
19827
19844
19845
19848
19849
19854
19857
19859
19876
19897
19900
19903
19910
19912
19916
19921
19922
19925
19929
19931
19934
19937
19939
19944
19953
19957
19959
19961
19962
19963
19966
19969
19975
19977
19982
19986
19987
19999
20007
20031
20036
20040
20042
25409
25413
25414
25423
25431
25438
25467
25471
25479
25483
25486
25493
25502
25514
25518
25521
25525
25586
25591
25593
25636
25647
25662
29492
29505
29507
29511
29521
29534
29536
29538
29539
29545
29578
29601
30761
40162
48363
57596
