4464
4467
4472
4481
4483
4484
4489
4506
4510
4511
4513
4519
4523
4525
4536
4553
4569
4570
4574
4583
4586
4595
4596
4598
4600
4606
4607
4615
4625
4626
4629
4641
4646
4649
4652
4655
4658
4662
4670
4672
4676
4682
4685
4688
4691
4702
4719
4722
4725
4729
4730
4738
4741
4742
4745
4751
4768
4776
4779
4795
4840
4844
4845
4865
4867
4873
4881
4884
4899
4900
4918
4940
4941
4945
4959
4964
4968
4970
4972
29382
29383
29432
46312
46328
46329
46367
46395
46406
46488
46507
46564
46572
46588
46601
46610
46613
46642
51926
51966
60540
60541
60543
60551
60555
60556
60557
60566
60570
60571
60573
60583
60584
60591
60593
60598
60600
60601
60606
60607
60610
60612
60613
60614
60615
60619
60621
60624
60628
60629
60630
60633
60641
60643
60651
60653
60655
60662
60666
60669
60670
60676
60678
60682
60686
60698
60699
60702
60713
60714
60716
60717
60719
60721
60722
60730
60733
60748
60749
60753
60758
60762
60768
60773
60778
60783
60784
60787
60794
60797
60800
60804
60810
60811
60820
60821
60824
60826
60827
60831
60833
60835
60844
