640
641
644
647
651
653
655
658
668
673
684
691
694
701
705
706
712
713
721
725
733
739
740
750
753
755
756
763
766
769
774
777
780
794
798
801
802
814
828
831
834
837
850
861
7498
7655
7735
7940
8101
9133
9154
9170
9204
9205
9213
9225
9258
9285
9306
9310
16159
16190
16201
16208
16226
16242
16264
16269
16294
17273
31380
31384
31388
31404
31418
31419
31430
31435
31439
31446
31456
31470
31474
31475
31476
31477
31480
31495
31522
31523
31537
31566
31576
31577
31607
31620
31646
31679
31682
31710
31712
31739
31749
31751
31764
31778
31780
31781
31794
38455
38517
42167
42171
42172
42195
42196
42275
42471
42482
42520
42527
42528
42536
42550
42553
42561
42567
42580
42589
42591
42594
42597
42601
42629
42633
42651
42663
42664
42667
42684
42692
42695
42698
42713
42729
42752
42766
42779
42782
42825
42827
42833
42837
42838
42844
42854
42857
43614
43624
43640
43653
43656
43658
43661
43667
43696
43701
43713
43722
43765
43793
43810
43813
43828
43848
43849
43866
43894
48534
48581
48599
49897
49904
49930
49953
49958
49974
49993
50004
50077
50168
53126
53145
53194
53209
53293
53302
53304
53421
53522
55129
55135
55136
55180
55226
55245
55264
55312
55372
55412
55416
55504
55505
55514
55517
55527
55536
55542
55575
59414
59444
59478
59492
59584
59622
