2246
2253
2254
2258
2259
2266
2270
2276
2279
2313
2328
2365
2370
2418
2444
2519
2542
2557
2562
9230
22504
22521
33250
33251
33256
33257
33264
33265
33272
33279
33280
33286
33295
33299
33300
33304
33307
33311
33312
33313
33315
33318
33328
33331
33335
33351
33353
33356
33373
33374
33378
33386
33396
33400
33416
33419
33424
33432
33433
33437
33475
33480
33484
48653
48657
48658
48661
48662
48664
48665
48668
48672
48676
48678
48681
48689
48692
48696
48697
48700
48702
48712
48725
48732
48740
48747
48749
48775
48785
48786
48799
48814
48818
48849
55926
58922
