12072
12088
12132
12163
12423
12442
12502
21763
21769
21770
21774
21777
21781
21783
21784
21785
21787
21788
21789
21790
21795
21807
21813
21814
21817
21829
21833
21834
21835
21845
21850
21851
21876
21893
21932
21940
21949
21972
21976
21988
22017
22032
22042
22050
22084
22142
22159
22199
23559
30271
30385
40555
40557
40561
40566
40573
40576
40577
40578
40582
40583
40585
40586
40592
40605
40609
40635
40644
40647
40655
40658
40668
40670
40691
40708
40737
40752
40812
40813
40844
40853
40862
47552
47740
50825
50864
50898
50899
50916
50964
51005
51033
51038
51061
51266
51301
51305
51310
51319
51321
51335
51342
51355
51366
51394
51395
51423
56163
56164
56166
56171
56204
56206
56214
56236
56261
56264
56268
56270
56293
56304
56314
56414
56420
