24
36
47
51
61
67
72
80
108
116
178
205
268
272
310
356
7372
7375
7379
7385
7386
7396
7399
7405
7408
7413
7414
7415
7419
7426
7429
7438
7439
7448
7464
18112
24248
24275
24279
24369
25050
25099
25101
25110
25122
25123
25126
25130
25144
25148
25154
25155
25159
25164
25191
25212
25239
25275
25308
25365
25369
25387
25392
25398
29249
29294
29295
29333
29429
36938
37545
37552
37581
37640
37773
37836
37905
38111
47559
47560
47561
47574
47584
47585
47596
47599
47602
47612
47627
47635
47639
47657
47673
47690
47701
47719
47729
47749
47816
48003
48070
56689
56694
56695
56697
56706
56709
56729
56747
56775
56782
56804
56853
56854
