612
613
618
621
626
661
723
747
767
785
818
2858
2863
2903
2987
3122
8863
9117
9131
9134
9138
9141
9142
9145
9147
9155
9192
9194
9215
9221
9224
9238
9244
9272
9296
9309
16173
16198
16200
16219
16222
16224
16234
16243
16265
16292
16317
16324
16344
16377
16397
35716
35919
40896
40920
40924
40956
40981
40988
41030
41091
41130
41134
41146
41162
42197
42245
42282
42283
42309
42314
42316
55163
55168
55169
55170
55171
55178
55247
55248
55275
55334
55345
55406
55413
55415
55480
55485
55509
55595
55600
55614
59089
59147
59373
59376
59380
59385
59387
59393
59413
59416
59417
59420
59451
59474
59482
59484
59488
59509
59521
59538
59544
59577
59578
59583
59587
59595
59597
59605
59612
59620
59635
59649
