464
493
1617
1683
1740
8597
8606
8625
8627
8639
8645
8648
8690
8708
8721
8722
8723
8752
8754
8760
8761
8762
8794
8816
8828
8829
8836
8850
8877
8898
8913
9004
9013
9018
9026
9083
9105
15665
15684
15689
15693
15707
15712
15724
15729
15730
15817
15867
19720
19831
19913
19989
29490
29495
29515
29517
29522
29523
29548
29557
29562
29566
29571
29584
29596
29617
29642
29661
29670
29676
29678
29688
29694
29701
30621
30622
30626
30630
30637
30644
30648
30653
30655
30660
30662
30663
30666
30674
30676
30679
30680
30681
30682
30690
30692
30698
30703
30707
30710
30711
30712
30718
30720
30722
30723
30724
30728
30730
30731
30739
30741
30743
30744
30747
30751
30755
30758
30759
30762
30765
30770
30771
30778
30779
30783
30786
30789
30790
30796
30799
30806
30810
30824
30825
30845
30850
30854
30858
30860
30869
30886
30899
30903
35337
35341
35385
38155
38206
38208
38212
38216
38218
38220
38242
38261
38282
38285
38300
38302
38354
38358
38364
38417
38440
38500
38507
38516
40882
45478
45527
45589
52943
52972
53019
57099
57201
57210
57276
57387
57397
60973
